1.9156462299997656
0.015927453000585956
0.0162754210005005
2.8975777110008494
0.0234018589999323
0.02249813999969774
3.7546172439997463
0.04599899999993795
0.048364780000156316
5.171004610000637
0.04462228000011237
0.04174178899938852
5.299784128999818
0.1428588770004353
0.14407186199969146
5.779091974000039
0.12998803300069994
0.13532061199930467
2.64556922400061
0.040883966000365035
0.029549210999903153
2.901896394999312
0.02134259100057534
0.020253738000064914
5.765472298000532
0.21897574899958272
0.20136803500008682
6.55975087600018
0.24309190999974817
0.24182342299991433
5.159284918000594
0.05468441900029575
0.05361473800076055
5.549939001999519
0.05697786400014593
0.058350410999992164
6.026900593000391
0.15266095500010124
0.14920580999933009
8.603179101000023
0.42777005300013116
0.42212753599960706
5.750669201000164
0.1622862600006556
0.1554477310000948
5.059983461000229
0.16281337199961854
0.16335193400027492
8.255277129000206
0.30435681600010867
0.2987317120005173
8.31822094800009
0.2565095449999717
0.26583762699920044
12.157854865000445
0.5793369599996367
0.5853665679996993
3.8724474529999497
0.0364822510000522
0.03613079300066602
23.10856055899967
0.4439624679998815
0.41529869099940697
23.3023427119997
0.41183374899992486
0.43180705800023134
29.318003678000423
0.40106773899969994
0.373671442000159
54.89665441799934
0.603643497000121
0.6131012370005919
8.839563372000157
0.1018325349996303
0.09659560900036013
5.783285769000031
0.06512662000022829
0.06942316700042284
9.681004604999544
0.10556587700011733
0.10101839500021015
23.24280884000018
0.6497823709996737
0.645207078000567
19.818156564000674
1.457866488000036
1.402985023999463
2.887213542999234
0.6060643820001133
0.6168239320004432
8.827121475999775
0.17063129100006336
0.17280040300011024
16.02189145200009
0.29770320399984485
0.31818911300069885
12.642168552999465
0.7612497879999864
0.844557542000075
22.58070465199944
0.8506108940000559
0.8334645400000227
22.607617881000806
0.8749029439995866
0.8861579280001024
3.776021163000223
0.14733939800044027
0.14686503699977038
2.514119227000265
0.020307261000198196
0.02039002299989079
2.7791112619997875
0.02400195199970767
0.018129142000361753
2.442607974000566
0.020559804999720654
0.016918545000407903
2.7376115739998568
0.026025185999969835
0.02083736099939415
2.650141502999759
0.02143336300014198
0.019275165999715682
2.6148002809995887
0.0169279120000283
0.016941523000241432
2.6794619629999943
0.020097812000130943
0.018585837999125943
