0.00910589200020695
0.006057607000002463
0.010739452000052552
0.6933269489995837
0.016887400000086927
0.017795377999846096
2.924514813999849
0.01582625499986534
0.016102343000056862
4.174831006000204
0.009323914000106015
0.00913204800008316
4.746644405000097
1.6278624369997488
1.6315724399996725
6.108677075999822
0.523208810000142
0.5207753709996723
0.4102415669999573
0.01502068700028758
0.014527911000186577
0.7507827509998606
0.014093287999912718
0.017221690000042145
6.347746154000106
0.9921290299998873
0.9837902510003005
8.820807475000038
0.9186429480000697
0.932099696000023
4.126214362000155
0.2228679770000781
0.22559569199984253
4.2104721919999974
0.19124879699984376
0.2013661040000443
5.753987886000232
0.08247752499983108
0.08854584500022611
10.226613136999731
0.32961088600040966
0.32690171900003406
5.573776866000117
0.07350258300039059
0.07601647100000264
4.265628760000254
0.16578438400028972
0.16282641799989506
10.06583416500007
0.23631921200012584
0.2472681970002668
9.938950647000183
0.16759245599996575
0.16775323899992145
17.855457854999713
0.7114476560000185
0.7266202769997108
0.8067065600002934
0.01381975800040891
0.0159080109997376
31.82965668199995
0.06983779900019726
0.0680902059998516
33.92202869200037
0.07007870799998273
0.06350806099999318
35.62944697700004
0.049736982000013086
0.049188389999926585
84.50821520999989
0.06856374299968593
0.06729506400006358
12.181852402000004
0.016234622999945714
0.016596003999893583
5.425164187000064
0.016855376999956206
0.015875848999712616
13.00968653200016
0.01733818299999257
0.0185051769999518
32.07063506800023
0.08452960700014955
0.08625720499958334
26.553847544999826
0.3752141289996871
0.3627559360002124
1.3013629229999424
0.057708681000349316
0.054928106999796
11.720396405000429
0.07514902100001564
0.07992454799978077
18.268970626000282
0.10665294399996128
0.10980782500018904
13.266851277000114
0.7925661849999415
0.7754302630000893
31.127916779000316
0.25986737299990637
0.2546378039996853
31.191228878999937
0.2853766570001426
0.28289535400017485
2.4483565939999608
0.10069009000017104
0.10705888099982985
1.0691368669999974
0.01852942699997584
0.02078713999981119
0.8675389019999784
0.015386362000299414
0.016887517000213847
1.0161163020002277
0.017303147000347963
0.0190816790000099
1.556954094000048
0.03734231600037674
0.03796166900019671
1.9229495919998953
0.011163060999933805
0.013256118999834143
1.9384381039999425
0.015017050000096788
0.01575614700004735
0.8801575579996097
0.012910700000247743
0.029729551000400534
