0.024046430000453256
0.008068804000686214
0.008474211000248033
0.42384072999993805
0.011426965999817185
0.012276069000108691
2.9277505769996424
0.015644721000171558
0.015256384999702277
4.187204336999457
0.008444340000096417
0.012603252999724646
3.2394533790002242
0.09436902600009489
0.1163317239997923
6.324199421999765
0.5120942350004043
0.5081110920000356
0.4253276340004959
0.016770375999840326
0.017071070999918447
0.7906337899994469
0.010641411999131378
0.011456305000137945
5.58617142499952
0.13287653099996533
0.13667824799995287
8.195252562999485
0.2078504579994842
0.21825526500015258
3.947742260999803
0.02387612100028491
0.025829019999946468
4.341074238999681
0.022638452000137477
0.025635506000071473
5.9991806039997755
0.07021829499990417
0.07375007799964806
10.148341885999798
0.1788549550001335
0.17853727900001104
5.662675188999856
0.0844768799997837
0.0823233369992522
4.255314852000083
0.1516738760001317
0.15464512100061256
10.015188301999842
0.22711987299953762
0.22645824299979722
9.85299856599977
0.1616224819999843
0.1524597569996331
17.671372313000575
0.6508376530000533
0.654292011000507
0.7634515159998045
0.011156702999869594
0.015111210999748437
31.782599459000267
0.06911987599960412
0.06313351800054079
33.83612916000038
0.07476092399974732
0.07385890600016864
35.550003315999675
0.04501527899992652
0.04792795899993507
84.48590031700041
0.073801843000183
0.062308739999934915
12.147392818999833
0.0158016260002114
0.01926916299998993
5.406542802000331
0.015249967999807268
0.01690404300006776
13.03191417800008
0.01901933499993902
0.01813817000038398
32.314476867999474
0.10030046100018808
0.09985412000060023
26.426488981000148
0.3612572480005838
0.36023489299986977
1.2424996090003333
0.053788109000379336
0.052601549999963026
11.723740979000468
0.07176579800034233
0.06947643000057724
18.29270459700001
0.1288982420001048
0.1300739420003083
13.335600368000087
0.8372320349999427
0.8396210579994658
31.119194789000176
0.2630813549994855
0.2628146489996652
31.17541005200019
0.25796414600063144
0.2496720640001513
2.4058554209996146
0.1042373239997687
0.11041509699953167
1.0744239719997495
0.01890508599990426
0.01901404799991724
0.885692578999624
0.01855698700001085
0.019731153000066115
0.97715316599988
0.014760408999791252
0.01729210699977557
1.5779253909995532
0.03380229499998677
0.03575885899954301
1.9159656639994864
0.008917193999877782
0.010131481999451353
1.9382705899997745
0.015181996000137588
0.019030164000469085
0.9021152400000574
0.01726493299975118
0.01873357600015879
